[app/ui]
version = 8.2.2
modtime = 1637799264.016666000

[app/launcher]
version = 8.2.2
modtime = 1637799264.017902000
